100 100 100 1000 1000 10000
31 6
5 31
9 84
25 82
86 90
19 4
93 21
15 74
63 76
85 63
57 20
72 92
39 92
30 51
45 9
95 3
67 36
65 84
78 86
79 76
29 70
18 45
89 94
71 26
93 41
67 74
50 39
24 14
48 59
89 64
72 8
7 68
10 97
69 64
14 1
45 61
81 35
87 13
78 98
44 86
39 11
76 54
46 75
14 43
20 58
59 97
10 75
60 81
32 77
22 48
78 46
2 47
91 2
55 56
20 14
98 91
27 93
44 3
23 19
9 39
64 32
4 73
34 41
91 56
65 45
87 54
22 12
80 3
78 89
77 69
57 7
50 79
54 73
10 14
67 51
30 69
5 93
55 71
86 3
0 14
68 91
73 16
0 36
70 81
3 17
23 50
40 4
45 97
37 68
36 74
17 6
4 42
41 1
5 43
92 28
23 40
73 92
51 88
69 14
34 32
32 16
13 82
79 82
85 43
35 61
42 32
83 23
40 48
38 90
72 80
14 19
47 99
6 92
49 52
15 10
63 12
28 98
30 86
51 10
49 14
27 53
18 98
47 62
38 97
41 10
11 65
16 20
42 88
30 36
19 1
52 81
17 17
84 49
22 30
89 42
11 39
61 49
79 91
74 75
3 77
84 31
49 75
50 91
87 34
55 85
14 26
84 5
61 5
98 16
38 9
96 0
47 86
27 20
66 73
58 90
97 13
28 23
93 95
83 78
46 70
79 28
10 78
57 78
88 12
4 24
5 29
20 27
3 37
2 82
41 21
22 17
55 61
29 42
92 8
23 20
38 84
17 44
32 4
87 59
85 39
44 28
89 92
6 78
62 59
95 43
69 36
40 68
67 76
82 12
85 1
89 70
66 64
99 50
25 13
0 9
24 54
25 55
4 7
2 51
35 67
26 52
85 85
12 71
53 60
60 73
81 84
87 67
58 62
41 30
61 67
23 45
57 35
64 34
60 56
91 58
28 81
11 43
90 93
86 47
31 91
13 49
44 49
94 63
14 14
81 26
67 91
83 92
98 28
38 29
3 13
33 86
75 2
67 97
58 86
54 16
19 46
28 3
32 70
3 19
9 68
60 64
88 0
65 2
61 92
79 54
68 9
90 58
72 76
4 50
94 28
18 29
59 42
68 23
3 70
59 0
48 43
72 56
90 78
12 1
81 19
67 64
37 7
20 65
26 28
76 38
58 81
82 50
2 5
0 61
27 55
57 75
90 27
6 7
52 53
29 53
70 96
6 25
81 88
86 71
87 79
2 89
40 19
41 18
56 22
33 20
16 44
54 89
32 15
78 83
35 10
59 25
74 83
96 44
43 58
34 13
64 69
65 73
33 96
62 24
76 59
50 2
14 36
29 20
20 63
79 30
23 66
82 71
35 92
56 55
46 46
3 39
9 88
84 58
52 90
11 94
85 59
27 88
94 14
86 48
17 34
22 9
29 66
59 30
42 58
23 12
90 80
72 38
77 72
9 4
49 36
82 10
70 41
0 21
3 96
95 51
16 72
80 60
2 23
50 61
0 11
21 71
88 21
28 6
85 83
32 65
22 52
62 79
59 91
57 63
72 97
2 43
17 1
7 18
31 17
46 27
11 87
96 75
9 43
92 1
67 11
50 75
13 85
79 81
44 21
6 71
12 46
82 5
65 91
87 40
20 94
37 50
68 48
5 89
95 56
15 9
41 89
77 44
39 26
93 73
85 92
74 19
5 13
75 26
90 30
7 11
22 33
96 66
9 44
83 53
21 20
34 60
50 66
46 4
26 86
59 44
85 55
53 94
84 28
43 33
50 92
65 92
58 11
13 40
35 7
18 53
24 96
17 54
59 2
95 33
75 39
99 34
67 66
22 87
87 31
11 30
70 61
94 78
53 98
27 19
60 99
66 74
2 3
29 25
45 86
37 73
87 83
12 77
42 13
83 58
47 32
84 61
67 31
2 87
98 67
94 5
85 48
26 81
40 59
73 83
39 93
6 49
51 75
58 18
37 36
61 39
94 47
59 27
68 38
55 81
72 33
45 36
60 28
64 71
82 17
87 20
11 23
94 49
0 16
42 91
24 13
47 82
16 83
17 91
32 86
24 51
83 82
48 16
74 5
3 3
10 74
51 61
49 29
76 19
0 44
14 76
53 63
60 78
16 15
30 19
34 78
9 32
16 37
47 23
50 78
65 46
37 45
29 64
22 15
74 88
12 49
84 8
34 2
22 97
85 13
42 66
72 14
86 2
51 28
35 97
53 30
71 68
99 28
82 60
4 3
87 97
93 78
54 29
88 23
71 98
77 11
60 69
55 54
62 87
90 63
73 93
30 60
10 46
39 83
67 19
56 12
44 23
16 50
53 83
54 67
45 22
67 57
73 46
87 42
9 21
38 63
36 27
16 65
67 95
15 11
13 7
50 50
5 97
58 82
21 78
95 75
8 68
52 12
32 90
46 62
57 70
25 38
34 64
93 97
65 6
46 32
61 88
14 64
83 55
90 6
40 16
39 72
6 26
47 37
22 25
16 41
66 63
96 51
72 86
69 18
93 53
8 31
23 28
60 41
54 0
14 21
39 55
30 88
20 77
38 8
22 79
2 1
26 2
74 24
46 65
48 27
69 96
58 71
64 30
52 49
79 59
62 65
96 91
77 23
47 34
82 98
30 46
54 59
46 13
55 34
33 40
10 58
84 37
7 54
44 35
89 93
90 85
98 48
6 73
60 30
43 62
17 71
92 67
38 3
86 9
75 52
13 19
93 89
94 89
83 84
48 18
3 5
68 93
78 5
32 78
10 82
57 58
23 52
30 17
87 64
24 74
39 84
4 74
50 76
80 4
79 84
83 17
66 43
81 1
90 92
42 38
53 72
43 55
2 96
64 80
49 88
80 26
30 74
85 11
5 92
81 27
96 29
12 9
48 51
86 0
98 37
13 12
26 20
91 78
72 22
49 20
88 25
45 70
26 62
50 19
46 53
29 3
71 92
5 0
1 32
25 35
90 19
86 85
45 96
8 46
67 15
31 29
22 34
11 75
3 54
18 2
27 85
88 37
17 31
31 59
98 77
79 93
26 75
42 33
96 62
88 75
69 23
84 17
58 12
18 54
42 75
98 60
68 60
45 46
82 27
30 87
61 11
11 29
26 31
92 79
72 29
77 40
97 11
56 64
43 83
32 92
3 25
77 2
54 12
95 83
91 19
31 26
90 4
47 39
21 16
8 59
63 64
22 31
79 90
97 94
70 5
57 16
6 50
3 76
38 82
47 13
93 51
87 61
9 28
59 6
6 84
3 82
85 7
0 29
24 10
0 51
24 48
46 71
53 8
21 63
46 41
24 95
23 57
40 25
86 89
78 42
36 71
4 39
0 79
8 34
26 93
92 9
6 53
39 89
51 79
1 69
22 8
61 35
68 34
25 99
40 69
84 13
82 13
63 61
80 37
26 97
50 34
16 87
75 54
21 94
82 39
13 17
39 4
76 49
44 81
0 10
23 98
36 96
35 66
91 97
50 22
89 17
62 78
81 75
37 88
28 35
7 19
22 41
11 84
29 34
66 15
40 38
21 12
64 35
34 36
99 78
22 3
56 9
65 34
92 62
62 35
53 86
49 94
82 4
58 3
65 68
20 93
85 9
76 82
18 61
67 90
73 51
22 95
50 55
33 85
74 8
47 77
46 81
18 76
78 18
46 59
10 91
40 7
90 17
95 84
84 79
0 93
96 65
23 37
72 77
40 45
60 48
69 11
85 40
27 77
18 26
16 54
68 16
17 55
80 19
29 79
61 47
24 31
86 25
66 83
13 3
56 92
81 52
69 89
19 54
34 98
0 62
46 66
48 24
69 99
64 27
82 77
41 15
32 52
5 17
70 97
23 34
16 23
30 43
4 58
8 61
97 92
46 14
24 64
43 39
8 3
58 21
31 72
78 80
79 66
76 64
91 33
94 46
35 13
38 42
29 72
69 56
91 94
74 58
1 30
15 58
24 50
3 0
68 82
51 58
10 77
58 67
80 92
50 29
31 13
5 26
55 0
51 32
1 42
6 17
36 65
54 63
37 93
15 81
20 12
68 6
92 11
90 55
69 7
2 75
65 47
29 65
59 17
16 58
71 17
99 81
65 65
24 19
55 69
45 56
51 29
82 37
52 30
78 9
65 20
29 6
3 47
62 76
59 90
25 94
81 73
9 64
0 88
56 37
32 56
62 86
9 42
27 80
6 34
69 0
60 59
58 39
17 26
65 32
46 2
98 78
14 98
59 22
66 39
3 66
43 43
99 86
73 47
18 59
6 94
25 27
75 33
39 63
97 28
14 55
3 14
35 77
50 15
33 77
83 71
59 83
60 67
75 29
25 39
30 28
38 99
84 73
79 51
25 73
88 41
69 9
58 46
50 67
61 51
44 13
9 53
71 7
86 37
99 95
13 39
81 16
12 60
25 28
26 27
72 1
68 79
13 27
80 65
43 87
33 70
68 85
69 97
49 27
82 75
95 95
28 51
1135 7
70 19 63 14 61 23 69 27 70 17 67 27 64 23
498 2
50 83 50 74
172 8
72 57 70 65 54 58 68 58 54 72 64 63 71 60 51 65
1546 4
81 98 88 99 86 97 82 95
2385 7
97 2 76 20 71 15 87 11 78 13 87 3 93 4
1428 8
62 15 58 20 86 13 95 5 71 18 85 10 75 20 86 10
3072 9
50 64 51 51 44 76 54 70 53 70 49 77 62 57 57 60 52 48
3488 9
15 66 28 75 10 47 10 56 19 56 17 66 19 66 36 85 30 77
1024 10
15 54 13 55 19 61 15 62 6 63 19 56 6 52 13 50 9 70 18 74
215 4
33 37 33 32 27 41 31 41
15 9
83 16 90 23 70 11 87 9 92 20 80 21 78 0 80 13 80 12
443 4
12 69 4 67 5 69 11 70
1004 5
79 89 71 76 71 82 65 70 72 68
1771 8
71 15 60 7 49 10 50 5 51 2 57 2 52 15 64 8
1476 9
40 57 44 52 63 50 43 54 80 53 76 62 53 49 68 52 46 55
1539 10
0 33 18 5 0 24 20 20 2 32 28 14 2 24 20 18 12 22 0 28
255 2
52 84 51 78
412 5
49 9 54 13 51 4 57 13 53 4
2622 9
69 73 59 51 67 53 64 49 64 63 72 71 62 69 68 67 67 69
646 5
23 68 28 68 37 76 22 75 27 73
1342 4
35 88 28 94 25 97 26 98
2074 6
96 21 93 31 96 18 91 16 92 7 99 14
1390 9
30 26 36 28 31 40 40 23 36 19 30 30 31 25 37 28 36 32
2797 7
88 91 92 87 92 85 87 85 99 83 93 77 96 87
967 10
43 10 9 1 17 11 29 10 31 5 37 18 40 9 47 8 22 1 29 5
2392 9
84 45 80 49 67 34 88 61 76 41 83 56 84 42 65 37 98 59
714 2
12 25 15 33
986 4
62 83 80 83 70 82 76 75
443 4
50 89 52 94 45 88 48 84
1133 9
65 66 60 62 61 72 69 75 68 69 56 68 67 72 61 65 62 69
680 5
67 89 62 93 70 88 66 98 69 98
358 1
84 22
1516 4
44 50 44 68 42 76 44 59
1878 9
74 62 84 56 64 38 66 45 78 47 70 55 75 53 61 46 78 52
705 8
15 86 21 85 12 91 5 75 16 98 16 92 6 88 8 79
1440 4
25 5 22 10 25 14 13 16
611 9
48 17 48 11 42 5 42 4 47 8 41 17 49 12 54 8 38 14
